,Address,Name Tag,Balance,Txn Count
0,0xab5c66752a9e8167967685f1450532fb96d5d24f,Huobi 1,263.10193993 ETH,1949444
1,0xe93381fb4c4f14bda253907b18fad305d799241a,Huobi 10,55.16474238 ETH,2766214
2,0xfa4b5be3f2f84f56703c42eb22142744e95a2c58,Huobi 11,179.20940413 ETH,208660
3,0x46705dfff24256421a05d056c29e81bdc09723b8,Huobi 12,204.71469366 ETH,1889767
4,0x32598293906b5b17c27d657db3ad2c9b3f3e4265,Huobi 13,4.5649119 ETH,92
5,0x5861b8446a2f6e19a067874c133f04c578928727,Huobi 14,0.00071363 ETH,307803
6,0x926fc576b7facf6ae2d08ee2d4734c134a743988,Huobi 15,0.0010559 ETH,250862
7,0xeec606a66edb6f497662ea31b5eb1610da87ab5f,Huobi 16,9.52922714 ETH,660407
8,0x7ef35bb398e0416b81b019fea395219b65c52164,Huobi 17,15.98998987 ETH,202655
9,0x229b5c097f9b35009ca1321ad2034d4b3d5070f6,Huobi 18,0.13569696 ETH,46
10,0xd8a83b72377476d0a66683cde20a8aad0b628713,Huobi 19,0.72401994 ETH,284434
11,0x6748f50f686bfbca6fe8ad62b22228b87f31ff2b,Huobi 2,309.91355358 ETH,1969473
12,0x90e9ddd9d8d5ae4e3763d0cf856c97594dea7325,Huobi 20,2.13287651 ETH,157892
13,0x30741289523c2e4d2a62c7d6722686d14e723851,Huobi 21,2.04764334 ETH,89175
14,0x6f48a3e70f0251d1e83a989e62aaa2281a6d5380,Huobi 22,1.14906112 ETH,195981
15,0xf056f435ba0cc4fcd2f1b17e3766549ffc404b94,Huobi 23,54.06083172 ETH,491279
16,0x137ad9c4777e1d36e4b605e745e8f37b2b62e9c5,Huobi 24,0.02125744 ETH,251074
17,0x5401dbf7da53e1c9dbf484e3d69505815f2f5e6e,Huobi 25,23.55360528 ETH,138968
18,0x034f854b44d28e26386c1bc37ff9b20c6380b00d,Huobi 26,0.00523343 ETH,360235
19,0x0577a79cfc63bbc0df38833ff4c4a3bf2095b404,Huobi 27,0.093139 ETH,437039
20,0x0c6c34cdd915845376fb5407e0895196c9dd4eec,Huobi 28,0.8777259 ETH,80121
21,0x794d28ac31bcb136294761a556b68d2634094153,Huobi 29,8.02602153 ETH,462765
22,0xfdb16996831753d5331ff813c29a93c76834a0ad,Huobi 3,234.29298671 ETH,1808401
23,0x34189c75cbb13bdb4f5953cda6c3045cfca84a9e,Huobi 30,282.28455736 ETH,61068
24,0xb4cd0386d2db86f30c1a11c2b8c4f4185c1dade9,Huobi 31,0.59095858 ETH,953
25,0x4d77a1144dc74f26838b69391a6d3b1e403d0990,Huobi 32,7.3836079 ETH,107
26,0x28ffe35688ffffd0659aee2e34778b0ae4e193ad,Huobi 33,"3,218.89955146 ETH",709542
27,0xcac725bef4f114f728cbcfd744a731c2a463c3fc,Huobi 34,"7,386.44157171 ETH",864885
28,0x73f8fc2e74302eb2efda125a326655acf0dc2d1b,Huobi 35,0.24131065 ETH,427360
29,0x0a98fb70939162725ae66e626fe4b52cff62c2e5,Huobi 36,143.6344994 ETH,1682830
30,0xf66852bc122fd40bfecc63cd48217e88bda12109,Huobi 37,2.65027798 ETH,368979
31,0x49517ca7b7a50f592886d4c74175f4c07d460a70,Huobi 38,0.1003465 ETH,21
32,0x58c2cb4a6bee98c309215d0d2a38d7f8aa71211c,Huobi 39,6.23840046 ETH,355577
33,0xeee28d484628d41a82d01e21d12e2e78d69920da,Huobi 4,321.07919018 ETH,1805521
34,0x39d9f4640b98189540a9c0edcfa95c5e657706aa,Huobi 40,0.5439561 ETH,270059
35,0x5c985e89dde482efe97ea9f1950ad149eb73829b,Huobi 5,293.15352679 ETH,411221
36,0xdc76cd25977e0a5ae17155770273ad58648900d3,Huobi 6,0.00008399 ETH,789
37,0xadb2b42f6bd96f5c65920b9ac88619dce4166f94,Huobi 7,121.7508637 ETH,1770436
38,0xa8660c8ffd6d578f657b72c0c811284aef0b735e,Huobi 8,0.85617525 ETH,155932
39,0x1062a747393198f70f71ec65a582423dba7e5ab3,Huobi 9,265.84345725 ETH,1973862
40,0x9d6d492bd500da5b33cf95a5d610a73360fcaaa0,Huobi Mining Pool,0 ETH,24757
41,0xa66daa57432024023db65477ba87d4e7f5f95213,Huobi Pool Token,0 ETH,12597
42,0x6f259637dcd74c767781e37bc6133cd6a68aa161,Huobi Token,0 ETH,631221
43,0x63155828e949aeba75038a5e8a5f4edd5038d9a6,Huobi: Deployer,0.00006798 ETH,42
44,0xe0d513cf39b52a09aefcef25e91dda3a2636329a,Huobi: Deposit,0.00763664 ETH,2
45,0xfd54078badd5653571726c3370afb127351a6f26,Huobi: Deposit Funder,178.86378254 ETH,2444870
46,0x18916e1a2933cb349145a280473a5de8eb6630cb,Huobi: Deposit Funder 2,170.58171024 ETH,1556184
47,0xdb0e89a9b003a28a4055ef772e345e8089987bfd,Huobi: Deposit Funder 3,217.52080024 ETH,132602
48,0xf0458aaaf6d49192d3b4711960635d5fa2114e71,Huobi: Deposit Funder 4,57.14297487 ETH,61783
49,0x07ef60deca209ea0f3f3f08c1ad21a6db5ef9d33,Huobi: Deposit Funder 5,156.8892173 ETH,54534
50,0x0316eb71485b0ab14103307bf65a021042c6d380,Huobi: HBTC Token,0 ETH,30038
51,0x1d1e10e8c66b67692f4c002c0cb334de5d485e41,Huobi: Old Address 1,0.59642315 ETH,52902
52,0xea0cfef143182d7b9208fbfeda9d172c2aced972,Huobi: Old Address 10,0.0072881 ETH,5294
53,0x0c92efa186074ba716d0e2156a6ffabd579f8035,Huobi: Old Address 11,0.36602776 ETH,31580
54,0x91dfa9d9e062a50d2f351bfba0d35a9604993dac,Huobi: Old Address 12,0.00741679 ETH,16879
55,0x8e8bc99b79488c276d6f3ca11901e9abd77efea4,Huobi: Old Address 13,0.09285214 ETH,7894
56,0xb9a4873d8d2c22e56b8574e8605644d08e047549,Huobi: Old Address 14,1.76241538 ETH,389617
57,0x170af0a02339743687afd3dc8d48cffd1f660728,Huobi: Old Address 15,0.01497941 ETH,25927
58,0xf775a9a0ad44807bc15936df0ee68902af1a0eee,Huobi: Old Address 16,0.93018063 ETH,351919
59,0x75a83599de596cbc91a1821ffa618c40e22ac8ca,Huobi: Old Address 17,0.08889401 ETH,16090
60,0x48ab9f29795dfb44b36587c50da4b30c0e84d3ed,Huobi: Old Address 18,0.00782398 ETH,5411
61,0x90f49e24a9554126f591d28174e157ca267194ba,Huobi: Old Address 19,0.858231 ETH,7643
62,0x1b93129f05cc2e840135aab154223c75097b69bf,Huobi: Old Address 2,0.88663946 ETH,57388
63,0xe3314bbf3334228b257779e28228cfb86fa4261b,Huobi: Old Address 20,0.10351912 ETH,64332
64,0x6edb9d6547befc3397801c94bb8c97d2e8087e2f,Huobi: Old Address 21,2.00679056 ETH,26488
65,0x8aabba0077f1565df73e9d15dd3784a2b0033dad,Huobi: Old Address 22,1.86833376 ETH,22889
66,0xd3a2f775e973c1671f2047e620448b8662dcd3ca,Huobi: Old Address 23,0.00608524 ETH,33153
67,0x1c515eaa87568c850043a89c2d2c2e8187adb056,Huobi: Old Address 24,0.31858874 ETH,23610
68,0x60b45f993223dcb8bdf05e3391f7630e5a51d787,Huobi: Old Address 25,0.62699368 ETH,13898
69,0xa23d7dd4b8a1060344caf18a29b42350852af481,Huobi: Old Address 26,0.00807431 ETH,2360
70,0x9eebb2815dba2166d8287afa9a2c89336ba9deaa,Huobi: Old Address 27,0.00260726 ETH,5080
71,0xd10e08325c0e95d59c607a693483680fe5b755b3,Huobi: Old Address 28,2.14958458 ETH,16337
72,0xc837f51a0efa33f8eca03570e3d01a4b2cf97ffd,Huobi: Old Address 29,0.02660492 ETH,46548
73,0xeb6d43fe241fb2320b5a3c9be9cdfd4dd8226451,Huobi: Old Address 3,1.12279746 ETH,121671
74,0xf7a8af16acb302351d7ea26ffc380575b741724c,Huobi: Old Address 30,2.35180204 ETH,54983
75,0x636b76ae213358b9867591299e5c62b8d014e372,Huobi: Old Address 31,0.09762918 ETH,20098
76,0x9a755332d874c893111207b0b220ce2615cd036f,Huobi: Old Address 32,4.98377442 ETH,65307
77,0xecd8b3877d8e7cd0739de18a5b545bc0b3538566,Huobi: Old Address 33,2.16534499 ETH,43557
78,0xef54f559b5e3b55b783c7bc59850f83514b6149c,Huobi: Old Address 34,0.96986284 ETH,29578
79,0x956e0dbecc0e873d34a5e39b25f364b2ca036730,Huobi: Old Address 4,0.57068836 ETH,29439
80,0x6f50c6bff08ec925232937b204b0ae23c488402a,Huobi: Old Address 5,1.03246805 ETH,416906
81,0xdf95de30cdff4381b69f9e4fa8dddce31a0128df,Huobi: Old Address 6,0.99897091 ETH,331780
82,0x25c6459e5c5b01694f6453e8961420ccd1edf3b1,Huobi: Old Address 7,1.33256186 ETH,40201
83,0x04645af26b54bd85dc02ac65054e87362a72cb22,Huobi: Old Address 8,2.07507473 ETH,65858
84,0xb2a48f542dc56b89b24c04076cbe565b3dc58e7b,Huobi: Old Address 9,1.46424626 ETH,611989
